"""
Signed distances functions

Example
-------

Centered sphere:
>>> import torch
>>> X, Y = torch.meshgrid(torch.linspace(0, 1, 5), torch.linspace(0, 1, 5))
>>> s = sphere(0.25, [0.5, 0.5])
>>> s(X, Y)
tensor([[ 0.4571,  0.3090,  0.2500,  0.3090,  0.4571],
        [ 0.3090,  0.1036,  0.0000,  0.1036,  0.3090],
        [ 0.2500,  0.0000, -0.2500,  0.0000,  0.2500],
        [ 0.3090,  0.1036,  0.0000,  0.1036,  0.3090],
        [ 0.4571,  0.3090,  0.2500,  0.3090,  0.4571]])

Shifted sphere with periodicity:
>>> sp = periodic(sphere(0.25, [0.75, 0.25]), [(0, 1), (0, 1)])
>>> sp(X, Y)
tensor([[ 0.1036,  0.0000,  0.1036,  0.3090,  0.1036],
        [ 0.3090,  0.2500,  0.3090,  0.4571,  0.3090],
        [ 0.1036,  0.0000,  0.1036,  0.3090,  0.1036],
        [ 0.0000, -0.2500,  0.0000,  0.2500,  0.0000],
        [ 0.1036,  0.0000,  0.1036,  0.3090,  0.1036]])

Distance calculation for multiple spheres at once:
>>> radius = torch.rand(10, 1, 1)
>>> center = torch.rand(2, 10, 1, 1)
>>> sm = sphere(radius, center)
>>> sm(X, Y).shape
torch.Size([10, 5, 5])

Distance to two spheres:
>>> X, Y = torch.meshgrid(torch.linspace(0, 2, 9), torch.linspace(0, 1, 5))
>>> s2 = union(s, translation(s, (1, 0)))
>>> s2(X, Y)
tensor([[ 0.4571,  0.3090,  0.2500,  0.3090,  0.4571],
        [ 0.3090,  0.1036,  0.0000,  0.1036,  0.3090],
        [ 0.2500,  0.0000, -0.2500,  0.0000,  0.2500],
        [ 0.3090,  0.1036,  0.0000,  0.1036,  0.3090],
        [ 0.4571,  0.3090,  0.2500,  0.3090,  0.4571],
        [ 0.3090,  0.1036,  0.0000,  0.1036,  0.3090],
        [ 0.2500,  0.0000, -0.2500,  0.0000,  0.2500],
        [ 0.3090,  0.1036,  0.0000,  0.1036,  0.3090],
        [ 0.4571,  0.3090,  0.2500,  0.3090,  0.4571]])
"""

from .shapes import *
from .utils import *
from .operators import *

